306796
137319.000000
0.463512 0.512448 0.501774 0.484391 0.456345 0.451990 0.553944 0.531471 0.438611 0.505401 0.497014 0.456105 0.437377 0.502812 0.457525 0.471524 0.487336 0.516677 0.517465 0.462842 0.465114 0.498452 0.550465 0.442800 0.468736 0.492064 0.486944 0.546990 0.531010 0.538451 0.520409 0.452877 

373201
688319.000000
0.492647 0.486235 0.513093 0.488493 0.524582 0.544917 0.471849 0.492729 0.502361 0.512817 0.511711 0.499490 0.499063 0.527249 0.488066 0.492133 0.490598 0.500859 0.499629 0.489966 0.459362 0.532928 0.461238 0.535586 0.504108 0.522294 0.509482 0.499369 0.513006 0.523516 0.517556 0.546996 

603624
344931.000000
0.521779 0.514279 0.497942 0.547911 0.495601 0.505326 0.481321 0.539455 0.541738 0.514290 0.488394 0.479501 0.471279 0.483786 0.507341 0.535344 0.464158 0.501046 0.508702 0.537091 0.528394 0.534741 0.554124 0.496623 0.558928 0.492088 0.469218 0.532701 0.516812 0.471989 0.489482 0.519495 

640272
289993.000000
0.486480 0.543511 0.520232 0.555719 0.456146 0.506441 0.452707 0.468259 0.484601 0.486902 0.511061 0.487507 0.496609 0.455585 0.507849 0.500452 0.551841 0.479371 0.455837 0.460445 0.475249 0.493638 0.488250 0.470094 0.501261 0.475552 0.532993 0.474357 0.488508 0.487227 0.470512 0.451715 

1545477
460330.000000
0.490276 0.510272 0.456864 0.495740 0.507431 0.476078 0.476497 0.485528 0.522750 0.542718 0.500622 0.526074 0.506130 0.508779 0.480444 0.455923 0.497530 0.512210 0.504167 0.474078 0.541264 0.521864 0.474510 0.531349 0.458073 0.489751 0.538079 0.493810 0.504320 0.457952 0.487238 0.456730 

1668725
241749.000000
0.464196 0.443515 0.469048 0.470042 0.511214 0.477279 0.539935 0.500962 0.450777 0.522606 0.504980 0.507567 0.532958 0.491341 0.535762 0.488394 0.484285 0.494305 0.456895 0.546129 0.503038 0.446779 0.493313 0.449336 0.456452 0.490359 0.525897 0.519721 0.506026 0.482822 0.473049 0.486916 

1867247
170315.000000
0.503315 0.551896 0.454881 0.448252 0.533457 0.469429 0.446441 0.528746 0.511276 0.484546 0.477817 0.486100 0.561410 0.472994 0.530998 0.520948 0.512807 0.495871 0.510574 0.514296 0.480400 0.456415 0.528113 0.544184 0.552965 0.533146 0.530471 0.509484 0.524859 0.527608 0.484190 0.454693 

1927997
248201.000000
0.497024 0.520128 0.495016 0.529651 0.447930 0.543988 0.523358 0.501927 0.510353 0.457233 0.490026 0.464690 0.472332 0.468816 0.514788 0.458068 0.558069 0.526673 0.567242 0.506571 0.519542 0.512378 0.527178 0.506752 0.440726 0.520916 0.525558 0.481577 0.473841 0.504713 0.530085 0.497422 

2101758
203933.000000
0.542117 0.484013 0.551331 0.522133 0.541389 0.470007 0.536175 0.581569 0.466234 0.486578 0.443927 0.537690 0.548786 0.493095 0.527729 0.517421 0.508467 0.512929 0.465626 0.519686 0.473175 0.474309 0.522304 0.497895 0.494435 0.516539 0.482301 0.493486 0.454711 0.505664 0.502373 0.538279 

2229967
152527.000000
0.442840 0.492128 0.545560 0.469645 0.451520 0.446467 0.513085 0.509694 0.464787 0.520491 0.567490 0.478716 0.529922 0.459315 0.465546 0.492504 0.477429 0.477934 0.481985 0.510285 0.449426 0.477894 0.505280 0.523664 0.521568 0.439291 0.492833 0.451322 0.499113 0.496148 0.494215 0.491709 

2435478
206266.000000
0.488364 0.508490 0.531863 0.462427 0.463959 0.527856 0.572315 0.504085 0.516666 0.496430 0.506977 0.455386 0.531468 0.529572 0.493964 0.500656 0.510269 0.549110 0.482143 0.462251 0.552601 0.488756 0.532668 0.530078 0.509047 0.554955 0.444904 0.512710 0.554622 0.500795 0.485768 0.520585 

2782522
336288.000000
0.544566 0.471873 0.511694 0.473448 0.536604 0.495995 0.513712 0.437486 0.508825 0.518348 0.500719 0.536008 0.531666 0.491512 0.545158 0.512917 0.481660 0.497462 0.537948 0.520551 0.518582 0.505443 0.485994 0.440647 0.518902 0.474181 0.473770 0.518353 0.460893 0.480956 0.490840 0.534071 

3602404
326956.000000
0.506483 0.502528 0.521621 0.530660 0.502764 0.498290 0.523497 0.504757 0.477069 0.457626 0.478134 0.540327 0.446804 0.533118 0.475166 0.539701 0.514673 0.459493 0.527204 0.517104 0.480339 0.478449 0.496607 0.475514 0.507104 0.494681 0.432573 0.473691 0.499209 0.518729 0.530306 0.462239 

3910834
192873.000000
0.529323 0.478682 0.430056 0.470925 0.484473 0.465986 0.501910 0.488904 0.541506 0.422369 0.526465 0.468802 0.454535 0.523014 0.471123 0.538995 0.469789 0.486680 0.446469 0.486800 0.559157 0.454022 0.499024 0.501860 0.515838 0.478755 0.542439 0.502283 0.467179 0.547015 0.509791 0.517548 

